20 20
2 16 29 39 47 50 47 39 29 16 2 0 0 0 0 0 0 0 0 0 
10 25 39 52 62 66 62 52 39 25 10 0 0 0 0 0 0 0 0 0 
15 31 47 62 76 83 76 62 47 31 15 0 0 0 0 0 0 0 0 0 
16 33 50 66 83 100 83 66 50 33 16 0 0 0 0 0 0 0 0 0 
15 31 47 62 76 83 76 62 47 31 15 0 0 0 0 0 0 0 0 0 
10 25 39 52 62 66 62 52 39 25 10 0 0 0 0 0 0 0 0 0 
5 5 5 5 5 5 5 5 5 5 5 5 5 5 5 5 0 0 0 0 
2 2 2 2 2 2 2 2 2 2 2 2 2 2 2 2 0 0 0 0 
1 1 1 1 1 1 1 1 1 1 1 1 1 1 1 1 0 0 0 0 
0 0 0 0 0 0 0 0 0 0 0 0 0 0 0 0 0 0 0 0
0 0 0 0 0 0 0 0 0 0 0 0 0 0 0 0 0 0 0 0
0 0 0 0 0 0 0 0 10 20 30 20 10 0 0 0 0 0 0 0 
0 0 0 0 0 0 0 0 5 30 200 30 5 0 0 0 0 0 0 0 
0 0 0 0 0 0 0 0 10 20 30 20 10 0 0 0 0 0 0 0 
0 0 0 0 0 0 0 0 0 0 0 0 0 0 0 0 0 0 0 0
0 0 0 0 0 0 0 0 0 0 0 0 0 0 0 0 0 0 0 0 
0 0 0 0 0 0 0 0 0 0 0 0 0 0 0 0 0 0 0 0 
0 0 0 0 0 0 0 0 0 0 0 0 0 0 0 0 0 0 0 0 
0 0 0 0 0 0 0 0 0 0 0 0 0 0 0 0 0 0 0 0 
0 0 0 0 0 0 0 0 0 0 0 0 0 0 0 0 0 0 0 0 
